512
-0.2625 2.4 1.4
0.5215 2.4 1.4
1.1375 2.4 0.784
1.1375 2.4 -0
-0.2625 2.53125 1.3375
0.4865 2.53125 1.3375
1.075 2.53125 0.749
1.075 2.53125 -0
-0.2625 2.53125 1.4375
0.5775 2.53125 1.4375
1.175 2.53125 0.805
1.175 2.53125 -0
-0.2625 2.4 1.5
0.5775 2.4 1.5
1.2375 2.4 0.84
1.2375 2.4 -0
-1.6625 2.4 -0
-1.6625 2.4 0.784
-1.0465 2.4 1.4
-0.2625 2.4 1.4
-1.6 2.53125 -0
-1.6 2.53125 0.749
-1.0115 2.53125 1.3375
-0.2625 2.53125 1.3375
-1.7 2.53125 -0
-1.7 2.53125 0.805
-1.0675 2.53125 1.4375
-0.2625 2.53125 1.4375
-1.7625 2.4 -0
-1.7625 2.4 0.84
-1.1025 2.4 1.5
-0.2625 2.4 1.5
-0.2625 2.4 -1.4
-1.0465 2.4 -1.4
-1.6625 2.4 -0.784
-1.6625 2.4 -0
-0.2625 2.53125 -1.3375
-1.0115 2.53125 -1.3375
-1.6 2.53125 -0.749
-1.6 2.53125 -0
-0.2625 2.53125 -1.4375
-1.0675 2.53125 -1.4375
-1.7 2.53125 -0.805
-1.7 2.53125 -0
-0.2625 2.4 -1.5
-1.1025 2.4 -1.5
-1.7625 2.4 -0.84
-1.7625 2.4 -0
1.1375 2.4 -0
1.1375 2.4 -0.784
0.5215 2.4 -1.4
-0.2625 2.4 -1.4
1.075 2.53125 -0
1.075 2.53125 -0.749
0.4865 2.53125 -1.3375
-0.2625 2.53125 -1.3375
1.175 2.53125 -0
1.175 2.53125 -0.805
0.5425 2.53125 -1.4375
-0.2625 2.53125 -1.4375
1.2375 2.4 -0
1.2375 2.4 -0.84
0.5775 2.4 -1.5
-0.2625 2.4 -1.5
-0.2625 2.4 1.5
0.5775 2.4 1.5
1.2375 2.4 0.84
1.2375 2.4 -0
-0.2625 1.875 1.75
0.7175 1.875 1.75
1.4875 1.875 0.98
1.4875 1.875 -0
-0.2625 1.35 2
0.8575 1.35 2
1.7375 1.35 1.12
1.7375 1.35 -0
-0.2625 0.9 2
0.8575 0.9 2
1.7375 0.9 1.12
1.7375 0.9 -0
-1.7625 2.4 -0
-1.7625 2.4 0.84
-1.1025 2.4 1.5
-0.2625 2.4 1.5
-2.0125 1.875 -0
-2.0125 1.875 0.98
-1.2425 1.875 1.75
-0.2625 1.875 1.75
-2.2625 1.35 -0
-2.2625 1.35 1.12
-1.3825 1.35 2
-0.2625 1.35 2
-2.2625 0.9 -0
-2.2625 0.9 1.12
-1.3825 0.9 2
-0.2625 0.9 2
-0.2625 2.4 -1.5
-1.1025 2.4 -1.5
-1.7625 2.4 -0.84
-1.7625 2.4 -0
-0.2625 1.875 -1.75
-1.2425 1.875 -1.75
-2.0125 1.875 -0.98
-2.0125 1.875 -0
-0.2625 1.35 -2
-1.3825 1.35 -2
-2.2625 1.35 -1.12
-2.2625 1.35 -0
-0.2625 0.9 -2
-1.3825 0.9 -2
-2.2625 0.9 -1.12
-2.2625 0.9 -0
1.2375 2.4 -0
1.2375 2.4 -0.84
0.5775 2.4 -1.5
-0.2625 2.4 -1.5
1.4875 1.875 -0
1.4875 1.875 -0.98
0.7175 1.875 -1.75
-0.2625 1.875 -1.75
1.7375 1.35 -0
1.7375 1.35 -1.12
0.8575 1.35 -2
-0.2625 1.35 -2
1.7375 0.9 -0
1.7375 0.9 -1.12
0.8575 0.9 -2
-0.2625 0.9 -2
-0.2625 0.9 2
0.8575 0.9 2
1.7375 0.9 1.12
1.7375 0.9 -0
-0.2625 0.45 2
0.8575 0.45 2
1.7375 0.45 1.12
1.7375 0.45 -0
-0.2625 0.225 1.5
0.5775 0.225 1.5
1.2375 0.225 0.84
1.2375 0.225 -0
-0.2625 0.15 1.5
0.5775 0.15 1.5
1.2375 0.15 0.84
1.2375 0.15 -0
-2.2625 0.9 -0
-2.2625 0.9 1.12
-1.3825 0.9 2
-0.2625 0.9 2
-2.2625 0.45 -0
-2.2625 0.45 1.12
-1.3825 0.45 2
-0.2625 0.45 2
-1.7625 0.225 -0
-1.7625 0.225 0.84
-1.1025 0.225 1.5
-0.2625 0.225 1.5
-1.7625 0.15 -0
-1.7625 0.15 0.84
-1.1025 0.15 1.5
-0.2625 0.15 1.5
-0.2625 0.9 -2
-1.3825 0.9 -2
-2.2625 0.9 -1.12
-2.2625 0.9 -0
-0.2625 0.45 -2
-1.3825 0.45 -2
-2.2625 0.45 -1.12
-2.2625 0.45 -0
-0.2625 0.225 -1.5
-1.1025 0.225 -1.5
-1.7625 0.225 -0.84
-1.7625 0.225 -0
-0.2625 0.15 -1.5
-1.1025 0.15 -1.5
-1.7625 0.15 -0.84
-1.7625 0.15 -0
1.7375 0.9 -0
1.7375 0.9 -1.12
0.8575 0.9 -2
-0.2625 0.9 -2
1.7375 0.45 -0
1.7375 0.45 -1.12
0.8575 0.45 -2
-0.2625 0.45 -2
1.2375 0.225 -0
1.2375 0.225 -0.84
0.5775 0.225 -1.5
-0.2625 0.225 -1.5
1.2375 0.15 -0
1.2375 0.15 -0.84
0.5775 0.15 -1.5
-0.2625 0.15 -1.5
-1.7625 2.25 -0
-1.7625 2.25 0.3
-1.8625 2.025 0.3
-1.8625 2.025 -0
-2.7625 2.25 -0
-2.7625 2.25 0.3
-2.5625 2.025 0.3
-2.5625 2.025 -0
-3.2625 2.25 -0
-3.2625 2.25 0.3
-2.9625 2.025 0.3
-2.9625 2.025 -0
-3.2625 1.8 -0
-3.2625 1.8 0.3
-2.9625 1.8 0.3
-2.9625 1.8 -0
-1.8625 2.025 -0
-1.8625 2.025 -0.3
-1.7625 2.25 -0.3
-1.7625 2.25 -0
-2.5625 2.025 -0
-2.5625 2.025 -0.3
-2.7625 2.25 -0.3
-2.7625 2.25 -0
-2.9625 2.025 -0
-2.9625 2.025 -0.3
-3.2625 2.25 -0.3
-3.2625 2.25 -0
-2.9625 1.8 -0
-2.9625 1.8 -0.3
-3.2625 1.8 -0.3
-3.2625 1.8 -0
-3.2625 1.8 -0
-3.2625 1.8 0.3
-2.9625 1.8 0.3
-2.9625 1.8 -0
-3.2625 1.35 -0
-3.2625 1.35 0.3
-2.9625 1.575 0.3
-2.9625 1.575 -0
-2.9125 0.9375 -0
-2.9125 0.9375 0.3
-2.7625 1.125 0.3
-2.7625 1.125 -0
-2.1625 0.6 -0
-2.1625 0.6 0.3
-2.2625 0.9 0.3
-2.2625 0.9 -0
-2.9625 1.8 -0
-2.9625 1.8 -0.3
-3.2625 1.8 -0.3
-3.2625 1.8 -0
-2.9625 1.575 -0
-2.9625 1.575 -0.3
-3.2625 1.35 -0.3
-3.2625 1.35 -0
-2.7625 1.125 -0
-2.7625 1.125 -0.3
-2.9125 0.9375 -0.3
-2.9125 0.9375 -0
-2.2625 0.9 -0
-2.2625 0.9 -0.3
-2.1625 0.6 -0.3
-2.1625 0.6 -0
1.4375 0.6 -0
1.4375 0.6 0.66
1.4375 1.425 0.66
1.4375 1.425 -0
2.8375 0.825 -0
2.8375 0.825 0.66
2.3375 1.425 0.66
2.3375 1.425 -0
2.1375 2.025 -0
2.1375 2.025 0.25
2.0375 2.1 0.25
2.0375 2.1 -0
3.0375 2.4 -0
3.0375 2.4 0.25
2.4375 2.4 0.25
2.4375 2.4 -0
1.4375 1.425 -0
1.4375 1.425 -0.66
1.4375 0.6 -0.66
1.4375 0.6 -0
2.3375 1.425 -0
2.3375 1.425 -0.66
2.8375 0.825 -0.66
2.8375 0.825 -0
2.0375 2.1 -0
2.0375 2.1 -0.25
2.1375 2.025 -0.25
2.1375 2.025 -0
2.4375 2.4 -0
2.4375 2.4 -0.25
3.0375 2.4 -0.25
3.0375 2.4 -0
3.0375 2.4 -0
3.0375 2.4 0.25
2.4375 2.4 0.25
2.4375 2.4 -0
3.2625 2.49375 -0
3.2625 2.49375 0.25
2.5375 2.475 0.25
2.5375 2.475 -0
3.1875 2.5125 -0
3.1875 2.5125 0.15
2.6375 2.475 0.15
2.6375 2.475 -0
2.9375 2.4 -0
2.9375 2.4 0.15
2.5375 2.4 0.15
2.5375 2.4 -0
2.4375 2.4 -0
2.4375 2.4 -0.25
3.0375 2.4 -0.25
3.0375 2.4 -0
2.5375 2.475 -0
2.5375 2.475 -0.25
3.2625 2.49375 -0.25
3.2625 2.49375 -0
2.6375 2.475 -0
2.6375 2.475 -0.15
3.1875 2.5125 -0.15
3.1875 2.5125 -0
2.5375 2.4 -0
2.5375 2.4 -0.15
2.9375 2.4 -0.15
2.9375 2.4 -0
-0.2625 3.15 -0
-0.2625 3.15 -0
-0.2625 3.15 -0
-0.2625 3.15 -0
-0.2625 3.15 0.8
0.1875 3.15 0.8
0.5375 3.15 0.45
0.5375 3.15 -0
-0.2625 2.85 -0
-0.2625 2.85 -0
-0.2625 2.85 -0
-0.2625 2.85 -0
-0.2625 2.7 0.2
-0.1505 2.7 0.2
-0.0625 2.7 0.112
-0.0625 2.7 -0
-0.2625 3.15 -0
-0.2625 3.15 -0
-0.2625 3.15 -0
-0.2625 3.15 -0
-1.0625 3.15 -0
-1.0625 3.15 0.45
-0.7125 3.15 0.8
-0.2625 3.15 0.8
-0.2625 2.85 -0
-0.2625 2.85 -0
-0.2625 2.85 -0
-0.2625 2.85 -0
-0.4625 2.7 -0
-0.4625 2.7 0.112
-0.3745 2.7 0.2
-0.2625 2.7 0.2
-0.2625 3.15 -0
-0.2625 3.15 -0
-0.2625 3.15 -0
-0.2625 3.15 -0
-0.2625 3.15 -0.8
-0.7125 3.15 -0.8
-1.0625 3.15 -0.45
-1.0625 3.15 -0
-0.2625 2.85 -0
-0.2625 2.85 -0
-0.2625 2.85 -0
-0.2625 2.85 -0
-0.2625 2.7 -0.2
-0.3745 2.7 -0.2
-0.4625 2.7 -0.112
-0.4625 2.7 -0
-0.2625 3.15 -0
-0.2625 3.15 -0
-0.2625 3.15 -0
-0.2625 3.15 -0
0.5375 3.15 -0
0.5375 3.15 -0.45
0.1875 3.15 -0.8
-0.2625 3.15 -0.8
-0.2625 2.85 -0
-0.2625 2.85 -0
-0.2625 2.85 -0
-0.2625 2.85 -0
-0.0625 2.7 -0
-0.0625 2.7 -0.112
-0.1505 2.7 -0.2
-0.2625 2.7 -0.2
-0.2625 2.7 0.2
-0.1505 2.7 0.2
-0.0625 2.7 0.112
-0.0625 2.7 -0
-0.2625 2.55 0.4
-0.0385 2.55 0.4
0.1375 2.55 0.224
0.1375 2.55 -0
-0.2625 2.55 1.3
0.4655 2.55 1.3
1.0375 2.55 0.728
1.0375 2.55 -0
-0.2625 2.4 1.3
0.4655 2.4 1.3
1.0375 2.4 0.728
1.0375 2.4 -0
-0.4625 2.7 -0
-0.4625 2.7 0.112
-0.3745 2.7 0.2
-0.2625 2.7 0.2
-0.6625 2.55 -0
-0.6625 2.55 0.224
-0.4865 2.55 0.4
-0.2625 2.55 0.4
-1.5625 2.55 -0
-1.5625 2.55 0.728
-0.9905 2.55 1.3
-0.2625 2.55 1.3
-1.5625 2.4 -0
-1.5625 2.4 0.728
-0.9905 2.4 1.3
-0.2625 2.4 1.3
-0.2625 2.7 -0.2
-0.3745 2.7 -0.2
-0.4625 2.7 -0.112
-0.4625 2.7 -0
-0.2625 2.55 -0.4
-0.4865 2.55 -0.4
-0.6625 2.55 -0.224
-0.6625 2.55 -0
-0.2625 2.55 -1.3
-0.9905 2.55 -1.3
-1.5625 2.55 -0.728
-1.5625 2.55 -0
-0.2625 2.4 -1.3
-0.9905 2.4 -1.3
-1.5625 2.4 -0.728
-1.5625 2.4 -0
-0.0625 2.7 -0
-0.0625 2.7 -0.112
-0.1505 2.7 -0.2
-0.2625 2.7 -0.2
0.1375 2.55 -0
0.1375 2.55 -0.224
-0.0385 2.55 -0.4
-0.2625 2.55 -0.4
1.0375 2.55 -0
1.0375 2.55 -0.728
0.4655 2.55 -1.3
-0.2625 2.55 -1.3
1.0375 2.4 -0
1.0375 2.4 -0.728
0.4655 2.4 -1.3
-0.2625 2.4 -1.3
-0.2625 0 -0
-0.2625 0 -0
-0.2625 0 -0
-0.2625 0 -0
-0.2625 0 -1.425
0.5355 0 -1.425
1.1625 0 -0.798
1.1625 0 -0
-0.2625 0.075 -1.5
0.5775 0.075 -1.5
1.2375 0.075 -0.84
1.2375 0.075 -0
-0.2625 0.15 -1.5
0.5775 0.15 -1.5
1.2375 0.15 -0.84
1.2375 0.15 -0
-0.2625 0 -0
-0.2625 0 -0
-0.2625 0 -0
-0.2625 0 -0
-1.6875 0 -0
-1.6875 0 -0.798
-1.0605 0 -1.425
-0.2625 0 -1.425
-1.7625 0.075 -0
-1.7625 0.075 -0.84
-1.1025 0.075 -1.5
-0.2625 0.075 -1.5
-1.7625 0.15 -0
-1.7625 0.15 -0.84
-1.1025 0.15 -1.5
-0.2625 0.15 -1.5
-0.2625 0 -0
-0.2625 0 -0
-0.2625 0 -0
-0.2625 0 -0
-0.2625 0 1.425
-1.0605 0 1.425
-1.6875 0 0.798
-1.6875 0 -0
-0.2625 0.075 1.5
-1.1025 0.075 1.5
-1.7625 0.075 0.84
-1.7625 0.075 -0
-0.2625 0.15 1.5
-1.1025 0.15 1.5
-1.7625 0.15 0.84
-1.7625 0.15 -0
-0.2625 0 -0
-0.2625 0 -0
-0.2625 0 -0
-0.2625 0 -0
1.1625 0 -0
1.1625 0 0.798
0.5355 0 1.425
-0.2625 0 1.425
1.2375 0.075 -0
1.2375 0.075 0.84
0.5775 0.075 1.5
-0.2625 0.075 1.5
1.2375 0.15 -0
1.2375 0.15 0.84
0.5775 0.15 1.5
-0.2625 0.15 1.5
